40112233045566778899
30112203445566778899
40112203345566778899
40112302345566778899
30112302445566778899
40113223045566778899
20113203445566778899
40113203245566778899
40110322345566778899
30110322445566778899
30110223445566778899
40110223345566778899
20110233445566778899
40110233245566778899
40120321345566778899
30120321445566778899
20120133445566778899
40120133245566778899
30120123445566778899
40122133045566778899
30122103445566778899
40122103345566778899
40122301345566778899
30122301445566778899
30122014345566778899
30122034145566778899
10122034345566778899
30123014245566778899
20123014345566778899
30123024145566778899
10123024345566778899
40123123045566778899
20123103445566778899
40123103245566778899
30121034245566778899
20121034345566778899
30121024345566778899
20131023445566778899
40131023245566778899
40130221345566778899
30130221445566778899
40130122345566778899
30130122445566778899
40132102345566778899
30132102445566778899
40132201345566778899
30132201445566778899
20132013445566778899
40132013245566778899
10132023445566778899
40132023145566778899
30103224145566778899
10103224345566778899
30103214245566778899
20103214345566778899
30102214345566778899
30102234145566778899
10102234345566778899
10102323445566778899
40102323145566778899
20102313445566778899
40102313245566778899
20101323445566778899
40101323245566778899
30101224345566778899
30101234245566778899
20101234345566778899
40231201345566778899
30231201445566778899
20231013445566778899
40231013245566778899
10231023445566778899
40231023145566778899
40231102345566778899
30231102445566778899
40230112345566778899
30230112445566778899
40230211345566778899
30230211445566778899
10232013445566778899
40232013145566778899
30221014345566778899
30221034145566778899
10221034345566778899
40221133045566778899
30221103445566778899
40221103345566778899
40221301345566778899
30221301445566778899
10220133445566778899
40220133145566778899
30220113445566778899
40220113345566778899
40220311345566778899
30220311445566778899
40223113045566778899
10223103445566778899
40223103145566778899
30223014145566778899
10223014345566778899
30203214145566778899
10203214345566778899
30201214345566778899
30201234145566778899
10201234345566778899
10201323445566778899
40201323145566778899
20201313445566778899
40201313245566778899
10202313445566778899
40202313145566778899
30212134045566778899
30212104345566778899
30213124045566778899
30213104245566778899
20213104345566778899
10213203445566778899
40213203145566778899
40213213045566778899
30211203445566778899
40211203345566778899
40211233045566778899
40211302345566778899
30211302445566778899
40210312345566778899
30210312445566778899
30210213445566778899
40210213345566778899
10210233445566778899
40210233145566778899
30210134245566778899
20210134345566778899
30210124345566778899
30321014245566778899
20321014345566778899
30321024145566778899
10321024345566778899
40321123045566778899
20321103445566778899
40321103245566778899
10320123445566778899
40320123145566778899
20320113445566778899
40320113245566778899
40322113045566778899
10322103445566778899
40322103145566778899
30322014145566778899
10322014345566778899
30302214145566778899
10302214345566778899
30301214245566778899
20301214345566778899
30301224145566778899
10301224345566778899
30312124045566778899
30312104245566778899
20312104345566778899
10312203445566778899
40312213045566778899
20311203445566778899
40311203245566778899
40311223045566778899
10310223445566778899
40310223145566778899
20310213445566778899
40310213245566778899
30310124245566778899
20310124345566778899
30013124245566778899
20013124345566778899
10013223445566778899
40013223145566778899
20013213445566778899
40013213245566778899
30012213445566778899
40012213345566778899
10012233445566778899
40012233145566778899
30012134245566778899
20012134345566778899
30012124345566778899
40012312345566778899
30012312445566778899
40011322345566778899
30011322445566778899
30011223445566778899
40011223345566778899
20011233445566778899
40011233245566778899
40021321345566778899
30021321445566778899
20021133445566778899
40021133245566778899
30021123445566778899
40021123345566778899
10022133445566778899
40022133145566778899
30022113445566778899
40022113345566778899
40022311345566778899
30022311445566778899
40023113245566778899
10023123445566778899
40023123145566778899
40031221345566778899
30031221445566778899
40031122345566778899
30031122445566778899
40032112345566778899
30032112445566778899
40032211345566778899
30032211445566778899
42013102345566778899
32013102445566778899
42013201345566778899
32013201445566778899
22013013445566778899
42013013245566778899
12013023445566778899
42013023145566778899
32012013445566778899
42012013345566778899
12012033445566778899
42012033145566778899
42012310345566778899
32012310445566778899
42011320345566778899
32011320445566778899
32011023445566778899
42011023345566778899
22011033445566778899
42011033245566778899
42010231345566778899
32010231445566778899
42010132345566778899
32010132445566778899
42020131345566778899
32020131445566778899
42023101345566778899
32023101445566778899
42031021345566778899
32031021445566778899
42031120345566778899
32031120445566778899
32032110445566778899
42032011345566778899
32032011445566778899
32002113445566778899
42002113345566778899
12002133445566778899
42002133145566778899
42002311345566778899
32002311445566778899
42001321345566778899
32001321445566778899
32001123445566778899
42001123345566778899
22001133445566778899
42001133245566778899
12003123445566778899
42003123145566778899
22003113445566778899
42003113245566778899
42110320345566778899
32110320445566778899
32110023445566778899
42110023345566778899
22110033445566778899
42110033245566778899
42113023045566778899
22113003445566778899
42113003245566778899
32112003445566778899
42112003345566778899
42112033045566778899
42112300345566778899
32112300445566778899
42130021345566778899
32130021445566778899
42130120345566778899
32130120445566778899
42132001345566778899
32132001445566778899
42132100345566778899
32132100445566778899
32102014345566778899
32102034145566778899
12102034345566778899
42102133045566778899
32102103445566778899
42102103345566778899
42102301345566778899
32102301445566778899
32101024345566778899
32101034245566778899
22101034345566778899
42100321345566778899
32100321445566778899
32100123445566778899
42100123345566778899
22100133445566778899
42100133245566778899
42103123045566778899
22103103445566778899
42103103245566778899
32103014245566778899
22103014345566778899
32103024145566778899
12103024345566778899
42231001345566778899
32231001445566778899
42231100345566778899
32231100445566778899
42230110345566778899
32230110445566778899
42230011345566778899
32230011445566778899
32201014345566778899
32201034145566778899
12201034345566778899
42201133045566778899
32201103445566778899
42201103345566778899
42201301345566778899
32201301445566778899
12200133445566778899
42200133145566778899
32200113445566778899
42200113345566778899
42200311345566778899
32200311445566778899
42203113045566778899
12203103445566778899
42203103145566778899
32203014145566778899
12203014345566778899
42210310345566778899
32210310445566778899
32210013445566778899
42210013345566778899
12210033445566778899
42210033145566778899
42213013045566778899
12213003445566778899
42213003145566778899
32211003445566778899
42211003345566778899
42211033045566778899
42211300345566778899
32211300445566778899
32301014245566778899
22301014345566778899
32301024145566778899
12301024345566778899
42301123045566778899
22301103445566778899
42301103245566778899
12300123445566778899
42300123145566778899
22300113445566778899
42300113245566778899
42302113045566778899
12302103445566778899
42302103145566778899
32302014145566778899
12302014345566778899
42310102345566778899
32310102445566778899
42310201345566778899
32310201445566778899
22310013445566778899
42310013245566778899
12310023445566778899
42310023145566778899
42312013045566778899
12312003445566778899
42312003145566778899
22311003445566778899
42311003245566778899
42311023045566778899
42320101345566778899
32320101445566778899
43002112345566778899
33002112445566778899
43002211345566778899
33002211445566778899
43001221345566778899
33001221445566778899
43001122345566778899
33001122445566778899
43012210345566778899
33012210445566778899
43012012345566778899
33012012445566778899
43011220345566778899
33011220445566778899
43011022345566778899
33011022445566778899
43021021345566778899
33021021445566778899
43021120345566778899
33021120445566778899
43022110345566778899
33022110445566778899
43022011345566778899
33022011445566778899
43110220345566778899
33110220445566778899
43110022345566778899
33110022445566778899
43112002345566778899
33112002445566778899
43112200345566778899
33112200445566778899
43120021345566778899
33120021445566778899
43120120345566778899
33120120445566778899
43122001345566778899
33122001445566778899
43122100345566778899
33122100445566778899
23102013445566778899
43102013245566778899
13102023445566778899
43102023145566778899
43102102345566778899
33102102445566778899
43102201345566778899
33102201445566778899
23101023445566778899
43101023245566778899
43100221345566778899
33100221445566778899
43100122345566778899
33100122445566778899
43221001345566778899
33221001445566778899
43221100345566778899
33221100445566778899
43220110345566778899
33220110445566778899
43220011345566778899
33220011445566778899
23201013445566778899
43201013245566778899
13201023445566778899
43201023145566778899
43201102345566778899
33201102445566778899
43201201345566778899
33201201445566778899
43200112345566778899
33200112445566778899
43200211345566778899
33200211445566778899
13202013445566778899
43202013145566778899
43210210345566778899
33210210445566778899
43210012345566778899
33210012445566778899
43211002345566778899
33211002445566778899
43211200345566778899
33211200445566778899
21321003445566778899
41321003245566778899
41321023045566778899
41320201345566778899
31320201445566778899
21320013445566778899
41320013245566778899
11320023445566778899
41320023145566778899
41320102345566778899
31320102445566778899
41322013045566778899
11322003445566778899
41322003145566778899
31302124045566778899
31302104245566778899
21302104345566778899
11302203445566778899
41302203145566778899
41302213045566778899
21301203445566778899
41301203245566778899
41301223045566778899
41300223145566778899
21300213445566778899
41300213245566778899
31300124245566778899
21300124345566778899
41310202345566778899
31310202445566778899
31310024245566778899
21310024345566778899
31312024045566778899
31312004245566778899
21312004345566778899
31202134045566778899
31202104345566778899
41201302345566778899
31201302445566778899
31201203445566778899
41201203345566778899
11200233445566778899
41200233145566778899
31200213445566778899
41200213345566778899
41200312345566778899
31200312445566778899
31200124345566778899
31200134245566778899
21200134345566778899
31203124045566778899
31203104245566778899
21203104345566778899
11203203445566778899
41203203145566778899
41203213045566778899
31210024345566778899
31210034245566778899
21210034345566778899
31213024045566778899
31213004245566778899
21213004345566778899
31212004345566778899
31212034045566778899
41220310345566778899
31220310445566778899
31220013445566778899
41220013345566778899
11220033445566778899
41220033145566778899
41223013045566778899
11223003445566778899
41223003145566778899
31221003445566778899
41221003345566778899
41221033045566778899
41221300345566778899
31221300445566778899
41231002345566778899
31231002445566778899
41231200345566778899
31231200445566778899
41230210345566778899
31230210445566778899
41230012345566778899
31230012445566778899
31003124245566778899
21003124345566778899
11003223445566778899
41003223145566778899
21003213445566778899
41003213245566778899
31002213445566778899
41002213345566778899
11002233445566778899
41002233145566778899
31002134245566778899
21002134345566778899
31002124345566778899
41002312345566778899
31002312445566778899
41001322345566778899
31001322445566778899
31001223445566778899
21001233445566778899
41001233245566778899
31012024345566778899
31012034245566778899
21012034345566778899
31013024245566778899
21013024345566778899
41013202345566778899
31013202445566778899
41010232345566778899
31010232445566778899
41020231345566778899
31020231445566778899
41020132345566778899
31020132445566778899
41022310345566778899
31022310445566778899
31022013445566778899
41022013345566778899
11022033445566778899
41022033145566778899
21023013445566778899
41023013245566778899
11023023445566778899
41023023145566778899
41023102345566778899
31023102445566778899
41023201345566778899
31023201445566778899
21021033445566778899
41021033245566778899
31021023445566778899
41021023345566778899
41021320345566778899
31021320445566778899
41031220345566778899
31031220445566778899
41031022345566778899
31031022445566778899
41032210345566778899
31032210445566778899
41032012345566778899
31032012445566778899
41120320345566778899
31120320445566778899
21120033445566778899
41120033245566778899
31120023445566778899
41120023345566778899
41122033045566778899
31122003445566778899
41122003345566778899
41122300345566778899
31122300445566778899
21123003445566778899
41123003245566778899
41123023045566778899
41130220345566778899
31130220445566778899
41130022345566778899
31130022445566778899
41132002345566778899
31132002445566778899
41132200345566778899
31132200445566778899
41103223045566778899
21103203445566778899
41103203245566778899
31102203445566778899
41102203345566778899
41102233045566778899
41102302345566778899
31102302445566778899
41100322345566778899
31100322445566778899
31100223445566778899
41100223345566778899
21100233445566778899
41100233245566778899