59887766954433221100
99887766554433221100
69887796554433221100
59887796654433221100
59887697654433221100
69887697554433221100
99886776554433221100
59886776954433221100
79886796554433221100
59886796754433221100
59889677654433221100
69889677554433221100
69889776554433221100
59889776654433221100
79889766554433221100
59889766754433221100
59879678654433221100
69879678554433221100
79879866554433221100
59879866754433221100
69879876554433221100
59879876654433221100
99877866554433221100
59877866954433221100
69877896554433221100
59877896654433221100
59877698654433221100
69877698554433221100
69877985654433221100
69877965854433221100
89877965654433221100
69876985754433221100
79876985654433221100
69876975854433221100
89876975654433221100
99876876554433221100
59876876954433221100
79876896554433221100
59876896754433221100
69878965754433221100
79878965654433221100
69878975654433221100
79868976554433221100
59868976754433221100
59869778654433221100
69869778554433221100
59869877654433221100
69869877554433221100
59867897654433221100
69867897554433221100
59867798654433221100
69867798554433221100
79867986554433221100
59867986754433221100
89867976554433221100
59867976854433221100
69896775854433221100
89896775654433221100
69896785754433221100
79896785654433221100
69897785654433221100
69897765854433221100
89897765654433221100
89897676554433221100
59897676854433221100
79897686554433221100
59897686754433221100
79898676554433221100
59898676754433221100
69898775654433221100
69898765754433221100
79898765654433221100
59768798654433221100
69768798554433221100
79768986554433221100
59768986754433221100
89768976554433221100
59768976854433221100
59768897654433221100
69768897554433221100
59769887654433221100
69769887554433221100
59769788654433221100
69769788554433221100
89767986554433221100
59767986854433221100
69778985654433221100
69778965854433221100
89778965654433221100
99778866554433221100
59778866954433221100
69778896554433221100
59778896654433221100
59778698654433221100
69778698554433221100
89779866554433221100
59779866854433221100
69779886554433221100
59779886654433221100
59779688654433221100
69779688554433221100
99776886554433221100
59776886954433221100
89776896554433221100
59776896854433221100
69776985854433221100
89776985654433221100
69796785854433221100
89796785654433221100
69798785654433221100
69798765854433221100
89798765654433221100
89798676554433221100
59798676854433221100
79798686554433221100
59798686754433221100
89797686554433221100
59797686854433221100
69787865954433221100
99787865654433221100
69787895654433221100
69786875954433221100
99786875654433221100
69786895754433221100
79786895654433221100
89786796554433221100
59786796854433221100
99786786554433221100
59786786954433221100
69788796554433221100
59788796654433221100
99788766554433221100
59788766954433221100
59788697654433221100
69788697554433221100
59789687654433221100
69789687554433221100
69789786554433221100
59789786654433221100
89789766554433221100
59789766854433221100
69789865754433221100
79789865654433221100
69789875654433221100
69678985754433221100
79678985654433221100
69678975854433221100
89678975654433221100
99678876554433221100
59678876954433221100
79678896554433221100
59678896754433221100
89679876554433221100
59679876854433221100
79679886554433221100
59679886754433221100
99677886554433221100
59677886954433221100
89677896554433221100
59677896854433221100
69677985854433221100
89677985654433221100
69697785854433221100
89697785654433221100
69698785754433221100
79698785654433221100
69698775854433221100
89698775654433221100
69687875954433221100
99687875654433221100
69687895754433221100
79687895654433221100
89687796554433221100
59687796854433221100
99687786554433221100
59687786954433221100
79688796554433221100
59688796754433221100
99688776554433221100
59688776954433221100
89689776554433221100
59689776854433221100
79689786554433221100
59689786754433221100
69689875754433221100
79689875654433221100
69986875754433221100
79986875654433221100
89986776554433221100
59986776854433221100
79986786554433221100
59986786754433221100
69987786554433221100
59987786654433221100
89987766554433221100
59987766854433221100
69987865754433221100
79987865654433221100
69987875654433221100
59987687654433221100
69987687554433221100
59988677654433221100
69988677554433221100
69988776554433221100
59988776654433221100
79988766554433221100
59988766754433221100
59978678654433221100
69978678554433221100
79978866554433221100
59978866754433221100
69978876554433221100
59978876654433221100
89977866554433221100
59977866854433221100
69977886554433221100
59977886654433221100
59977688654433221100
69977688554433221100
79976886554433221100
59976886754433221100
89976876554433221100
59976876854433221100
59968778654433221100
69968778554433221100
59968877654433221100
69968877554433221100
59967887654433221100
69967887554433221100
59967788654433221100
69967788554433221100
57986897654433221100
67986897554433221100
57986798654433221100
67986798554433221100
77986986554433221100
57986986754433221100
87986976554433221100
57986976854433221100
67987986554433221100
57987986654433221100
87987966554433221100
57987966854433221100
57987689654433221100
67987689554433221100
57988679654433221100
67988679554433221100
67988976554433221100
57988976654433221100
77988966554433221100
57988966754433221100
57989768654433221100
67989768554433221100
57989867654433221100
67989867554433221100
57979868654433221100
67979868554433221100
57976898654433221100
67976898554433221100
57968978654433221100
67968978554433221100
57968879654433221100
67968879554433221100
57967889654433221100
67967889554433221100
57967988654433221100
67967988554433221100
67997886554433221100
57997886654433221100
87997866554433221100
57997866854433221100
57997688654433221100
67997688554433221100
57998678654433221100
67998678554433221100
67998876554433221100
57998876654433221100
77998866554433221100
57998866754433221100
87996876554433221100
57996876854433221100
77996886554433221100
57996886754433221100
57889679654433221100
67889679554433221100
67889976554433221100
57889976654433221100
77889966554433221100
57889966754433221100
97886976554433221100
57886976954433221100
77886996554433221100
57886996754433221100
67887996554433221100
57887996654433221100
97887966554433221100
57887966954433221100
57887699654433221100
67887699554433221100
57869978654433221100
67869978554433221100
57869879654433221100
67869879554433221100
57867998654433221100
67867998554433221100
57867899654433221100
67867899554433221100
67897985654433221100
67897965854433221100
87897965654433221100
97897866554433221100
57897866954433221100
67897896554433221100
57897896654433221100
57897698654433221100
67897698554433221100
67898975654433221100
67898965754433221100
77898965654433221100
57899678654433221100
67899678554433221100
67899876554433221100
57899876654433221100
77899866554433221100
57899866754433221100
97896876554433221100
57896876954433221100
77896896554433221100
57896896754433221100
67896985754433221100
77896985654433221100
67896975854433221100
87896975654433221100
57768998654433221100
67768998554433221100
57768899654433221100
67768899554433221100
57769889654433221100
67769889554433221100
57769988654433221100
67769988554433221100
67798985654433221100
67798965854433221100
87798965654433221100
97798866554433221100
57798866954433221100
67798896554433221100
57798896654433221100
57798698654433221100
67798698554433221100
87799866554433221100
57799866854433221100
67799886554433221100
57799886654433221100
57799688654433221100
67799688554433221100
97796886554433221100
57796886954433221100
87796896554433221100
57796896854433221100
67796985854433221100
87796985654433221100
57789689654433221100
67789689554433221100
67789986554433221100
57789986654433221100
87789966554433221100
57789966854433221100
97786986554433221100
57786986954433221100
87786996554433221100
57786996854433221100
67788996554433221100
57788996654433221100
97788966554433221100
57788966954433221100
57788699654433221100
67788699554433221100
67698985754433221100
77698985654433221100
67698975854433221100
87698975654433221100
97698876554433221100
57698876954433221100
77698896554433221100
57698896754433221100
87699876554433221100
57699876854433221100
77699886554433221100
57699886754433221100
97697886554433221100
57697886954433221100
87697896554433221100
57697896854433221100
67697985854433221100
87697985654433221100
57689897654433221100
67689897554433221100
57689798654433221100
67689798554433221100
77689986554433221100
57689986754433221100
87689976554433221100
57689976854433221100
97687986554433221100
57687986954433221100
87687996554433221100
57687996854433221100
77688996554433221100
57688996754433221100
97688976554433221100
57688976954433221100
57679898654433221100
67679898554433221100
56997887654433221100
66997887554433221100
56997788654433221100
66997788554433221100
56998778654433221100
66998778554433221100
56998877654433221100
66998877554433221100
56987789654433221100
66987789554433221100
56987987654433221100
66987987554433221100
56988779654433221100
66988779554433221100
56988977654433221100
66988977554433221100
56978978654433221100
66978978554433221100
56978879654433221100
66978879554433221100
56977889654433221100
66977889554433221100
56977988654433221100
66977988554433221100
56889779654433221100
66889779554433221100
56889977654433221100
66889977554433221100
56887997654433221100
66887997554433221100
56887799654433221100
66887799554433221100
56879978654433221100
66879978554433221100
56879879654433221100
66879879554433221100
56877998654433221100
66877998554433221100
56877899654433221100
66877899554433221100
76897986554433221100
56897986754433221100
86897976554433221100
56897976854433221100
56897897654433221100
66897897554433221100
56897798654433221100
66897798554433221100
76898976554433221100
56898976754433221100
56899778654433221100
66899778554433221100
56899877654433221100
66899877554433221100
56778998654433221100
66778998554433221100
56778899654433221100
66778899554433221100
56779889654433221100
66779889554433221100
56779988654433221100
66779988554433221100
76798986554433221100
56798986754433221100
86798976554433221100
56798976854433221100
56798897654433221100
66798897554433221100
56798798654433221100
66798798554433221100
56799887654433221100
66799887554433221100
56799788654433221100
66799788554433221100
86797986554433221100
56797986854433221100
56789789654433221100
66789789554433221100
56789987654433221100
66789987554433221100
56788997654433221100
66788997554433221100
56788799654433221100
66788799554433221100
78678996554433221100
58678996754433221100
98678976554433221100
58678976954433221100
58679798654433221100
68679798554433221100
78679986554433221100
58679986754433221100
88679976554433221100
58679976854433221100
58679897654433221100
68679897554433221100
98677986554433221100
58677986954433221100
88677996554433221100
58677996854433221100
68697875954433221100
98697875654433221100
68697895754433221100
78697895654433221100
88697796554433221100
58697796854433221100
98697786554433221100
58697786954433221100
78698796554433221100
58698796754433221100
98698776554433221100
58698776954433221100
88699776554433221100
58699776854433221100
78699786554433221100
58699786754433221100
68699875754433221100
78699875654433221100
58689797654433221100
68689797554433221100
68689975754433221100
78689975654433221100
68687975954433221100
98687975654433221100
68687995754433221100
78687995654433221100
68797865954433221100
98797865654433221100
68797895654433221100
58798697654433221100
68798697554433221100
98798766554433221100
58798766954433221100
68798796554433221100
58798796654433221100
88799766554433221100
58799766854433221100
68799786554433221100
58799786654433221100
58799687654433221100
68799687554433221100
68799875654433221100
68799865754433221100
78799865654433221100
68796875954433221100
98796875654433221100
68796895754433221100
78796895654433221100
88796796554433221100
58796796854433221100
98796786554433221100
58796786954433221100
68789975654433221100
68789965754433221100
78789965654433221100
68786975954433221100
98786975654433221100
68786995754433221100
78786995654433221100
68787995654433221100
68787965954433221100
98787965654433221100
58779689654433221100
68779689554433221100
68779986554433221100
58779986654433221100
88779966554433221100
58779966854433221100
98776986554433221100
58776986954433221100
88776996554433221100
58776996854433221100
68778996554433221100
58778996654433221100
98778966554433221100
58778966954433221100
58778699654433221100
68778699554433221100
58768997654433221100
68768997554433221100
58768799654433221100
68768799554433221100
58769789654433221100
68769789554433221100
58769987654433221100
68769987554433221100
68996875754433221100
78996875654433221100
88996776554433221100
58996776854433221100
78996786554433221100
58996786754433221100
68997786554433221100
58997786654433221100
88997766554433221100
58997766854433221100
68997865754433221100
78997865654433221100
68997875654433221100
58997687654433221100
68997687554433221100
58998677654433221100
68998677554433221100
68998776554433221100
58998776654433221100
78998766554433221100
58998766754433221100
68987975654433221100
68987965754433221100
78987965654433221100
68986975754433221100
78986975654433221100
58986797654433221100
68986797554433221100
58989767654433221100
68989767554433221100
58979768654433221100
68979768554433221100
58979867654433221100
68979867554433221100
58977689654433221100
68977689554433221100
68977986554433221100
58977986654433221100
88977966554433221100
58977966854433221100
78976986554433221100
58976986754433221100
88976976554433221100
58976976854433221100
58976897654433221100
68976897554433221100
58976798654433221100
68976798554433221100
78978966554433221100
58978966754433221100
68978976554433221100
58978976654433221100
58978679654433221100
68978679554433221100
58968779654433221100
68968779554433221100
58968977654433221100
68968977554433221100
58967789654433221100
68967789554433221100
58967987654433221100
68967987554433221100
58879679654433221100
68879679554433221100
78879966554433221100
58879966754433221100
68879976554433221100
58879976654433221100
98877966554433221100
58877966954433221100
68877996554433221100
58877996654433221100
58877699654433221100
68877699554433221100
78876996554433221100
58876996754433221100
98876976554433221100
58876976954433221100
58869779654433221100
68869779554433221100
58869977654433221100
68869977554433221100
58867997654433221100
68867997554433221100
58867799654433221100
68867799554433221100
98896776554433221100
58896776954433221100
78896796554433221100
58896796754433221100
68897796554433221100
58897796654433221100
98897766554433221100
58897766954433221100
58897697654433221100
68897697554433221100
58899677654433221100
68899677554433221100
68899776554433221100
58899776654433221100
78899766554433221100
58899766754433221100
